200
200
200
200
200
200
200
200
200
200
200
200
200
200
200
200
200
146
121
140
114
160
159
110
153
137
136
115
128
152
125
122
143
139
160
127
133
134
145
130
131
121
126
123
118
153
127
138
158
115
126
115
111
146
157
149
130
151
157
116
131
143
149
119
117
157
155
147
157
128
115
126
132
140
120
132
122
160
143
148
123
157
147
159
160
117
112
143
141
125
147
142
115
156
125
138
153
123
139
153
134
132
119
122
159
134
140
132
114
135
134
128
111
142
122
145
139
143
143
127
137
116
143
160
125
138
146
140
122
128
148
118
116
137
153
135
125
149
152
151
159
116
136
112
119
111
145
146
122
145
135
157
111
110
153
142
125
134
122
125
