1739680870 930.00 930.0
1739680870 213.33 29.0
1739680871 88.54 144.0
1739680871 70.45 56.0
1739680871 80.08 129.0
1739680872 86.04 106.0
1739680873 101.71 77.0
1739680873 199.52 101.0
1739680874 151.62 118.0
1739680875 257.56 153.0
1739680875 192.42 202.0
1739680877 253.94 337.0
1739680877 134.78 73.0
1739680877 134.58 58.0
1739680878 350.39 62.0
1739680878 243.45 376.0
1739680879 301.32 253.0
1739680880 111.36 123.0
1739680880 128.54 226.0
1739680881 146.36 34.0
1739680882 81.41 234.0
1739680882 130.97 52.0
1739680883 66.10 45.0
1739680883 143.28 56.0
1739680884 122.99 80.0
1739680885 127.60 39.0
1739680885 61.96 48.0
1739680886 23.09 22.0
1739680887 22.70 22.0
1739680887 22.91 21.0
1739680888 462.52 203.0
1739680888 142.74 72.0
1739680889 253.39 31.0
1739680890 213.64 482.0
1739680890 250.22 325.0
1739680891 192.16 59.0
1739680892 120.62 192.0
1739680892 117.60 140.0
1739680893 131.48 37.0
1739680894 23.53 22.0
1739680894 22.85 22.0
1739680895 25.74 22.0
1739680895 22.64 22.0
1739680896 24.05 46.0
1739680897 25.62 22.0
1739680898 35.80 23.0
1739680898 24.80 28.0
1739680898 26.49 21.0
1739680899 28.36 22.0
1739680900 26.89 24.0
1739680900 22.41 25.0
1739680901 29.06 79.0
1739680901 55.85 33.0
1739680902 21.98 20.0
1739680903 23.40 35.0
1739680903 23.42 20.0
1739680904 23.47 33.0
1739680905 23.45 22.0
1739680905 21.14 21.0
1739680906 22.83 22.0
1739680906 22.31 22.0
1739680907 21.10 22.0
1739680908 22.14 21.0
1739680908 22.42 22.0
1739680909 21.17 21.0
1739680909 22.59 23.0
1739680910 26.46 25.0
1739680911 21.44 22.0
1739680911 25.75 21.0
1739680912 27.48 22.0
1739680913 28.46 21.0
1739680913 35.44 174.0
1739680914 41.32 34.0
1739680914 33.71 36.0
1739680915 25.79 23.0
1739680916 22.96 20.0
1739680916 21.53 34.0
1739680917 22.98 23.0
1739680918 22.89 22.0
1739680918 25.98 26.0
1739680919 23.97 20.0
1739680919 22.60 22.0
1739680920 22.24 34.0
1739680921 28.26 21.0
1739680921 22.03 27.0
1739680922 21.43 21.0
1739680922 22.64 23.0
1739680923 21.13 22.0
1739680924 334.83 328.0
1739680924 188.97 72.0
1739680925 37.16 29.0
1739680926 28.16 26.0
1739680926 24.73 21.0
1739680927 23.31 21.0
1739680927 22.82 22.0
1739680928 20.96 21.0
1739680929 22.80 21.0
1739680929 33.22 34.0
1739680930 28.32 21.0
1739680930 22.03 20.0
1739680931 21.78 28.0
1739680932 21.42 21.0
1739680932 340.22 632.0
1739680933 152.82 62.0
1739680934 27.39 22.0
1739680934 40.39 36.0
1739680935 39.81 33.0
1739680935 27.89 22.0
1739680936 28.99 23.0
1739680937 21.77 30.0
1739680937 24.64 22.0
1739680938 22.72 22.0
1739680939 22.21 24.0
1739680939 21.17 22.0
1739680940 22.58 22.0
1739680940 24.30 37.0
1739680941 22.19 22.0
1739680942 24.07 20.0
1739680942 22.00 35.0
1739680943 22.01 20.0
1739680943 22.44 21.0
1739680944 22.80 32.0
1739680945 22.42 21.0
1739680945 23.61 21.0
1739680946 22.71 22.0
1739680947 22.70 21.0
1739680947 21.95 28.0
1739680948 21.79 20.0
1739680948 22.31 20.0
1739680949 22.57 24.0
1739680950 23.76 22.0
1739680950 33.67 31.0
1739680951 25.94 23.0
1739680951 28.09 36.0
1739680952 27.03 45.0
1739680953 31.41 22.0
1739680953 30.40 30.0
1739680954 25.25 20.0
1739680955 23.35 20.0
1739680955 23.23 21.0
1739680956 21.11 22.0
1739680956 23.36 20.0
1739680957 23.11 22.0
1739680958 21.09 21.0
1739680958 23.02 22.0
1739680959 22.50 20.0
1739680959 21.17 22.0
1739680960 22.69 21.0
1739680961 22.39 30.0
1739680961 21.65 21.0
1739680962 22.89 21.0
1739680963 21.13 20.0
1739680963 22.79 22.0
1739680964 30.88 38.0
1739680964 29.38 22.0
1739680965 23.23 22.0
1739680966 21.75 22.0
1739680966 23.49 21.0
1739680967 22.00 31.0
1739680967 25.69 24.0
1739680968 22.76 22.0
1739680969 27.51 21.0
1739680969 21.23 21.0
1739680970 22.24 20.0
1739680971 22.33 22.0
1739680971 22.86 26.0
1739680972 22.74 22.0
1739680972 22.81 22.0
1739680973 21.15 22.0
1739680974 22.80 21.0
1739680974 22.67 25.0
1739680975 21.37 21.0
1739680976 22.82 22.0
1739680976 22.31 33.0
1739680977 22.05 21.0
1739680977 22.52 22.0
1739680978 22.50 25.0
1739680979 21.43 21.0
1739680979 22.89 21.0
1739680980 22.57 27.0
1739680980 21.61 22.0
1739680981 22.77 21.0
1739680982 22.83 24.0
1739680982 26.38 22.0
1739680983 187.09 50.0
1739680984 667.92 32.0
1739680984 28.02 23.0
1739680985 21.36 23.0
1739680985 22.95 21.0
1739680986 22.69 22.0
1739680987 21.30 21.0
1739680987 22.85 22.0
1739680988 27.88 28.0
1739680988 22.74 21.0
